#
#Num Features
#
F 39

#
#Units
#
U INCH

#
#Feature symbol names
#
$0 r0

#
#Layer features
#
L 2.81054705 -0.93799203 3.38871604 -0.93799203 0 P 0 
L 3.38871604 -0.93799203 3.38871604 -0.11811004 0 P 0 
L 3.38871604 -0.11811004 2.81054705 -0.11811004 0 P 0 
L 2.81054705 -0.11811004 2.81054705 -0.93799203 0 P 0 
L 1.56854705 -0.93799203 2.74854705 -0.93799203 0 P 0 
L 2.74854705 -0.93799203 2.74854705 -0.11811004 0 P 0 
L 2.74854705 -0.11811004 1.56854705 -0.11811004 0 P 0 
L 1.56854705 -0.11811004 1.56854705 -0.93799203 0 P 0 
L -0.65933002 -0.93799203 1.50654705 -0.93799203 0 P 0 
L 1.50654705 -0.93799203 1.50654705 -0.11811004 0 P 0 
L 1.50654705 -0.11811004 -0.65933002 -0.11811004 0 P 0 
L -0.65933002 -0.11811004 -0.65933002 -0.93799203 0 P 0 
L 2.97994803 4.07401998 2.97994803 4.054331 0 P 0 
A 2.97994803 4.054331 2.99962904 4.03465 2.99963002 4.05433199 0 P 0 N
L 2.99962904 4.03465 3.05671604 4.03465 0 P 0 
L 3.05671604 4.03465 3.05671604 3.92128996 0 P 0 
L 3.05671604 3.92128996 3.38871604 3.92128996 0 P 0 
L 3.38871604 3.92128996 3.38871604 -0.11811004 0 P 0 
L 3.38871604 -0.11811004 -0.65933002 -0.11811004 0 P 0 
L -0.65933002 -0.11811004 -0.65933002 3.66768996 0 P 0 
L -0.65933002 3.66768996 -0.42913002 3.66768996 0 P 0 
L -0.42913002 3.66768996 -0.42913002 3.92128996 0 P 0 
L -0.42913002 3.92128996 -0.17163002 3.92128996 0 P 0 
L -0.17163002 3.92128996 -0.17163002 4.03465 0 P 0 
L -0.17163002 4.03465 -0.114544 4.03465 0 P 0 
A -0.114544 4.03465 -0.09486299 4.054331 -0.11454596 4.05433297 0 P 0 N
L -0.09486299 4.054331 -0.09486299 4.07401998 0 P 0 
A -0.09486299 4.07401998 -0.114544 4.09370098 -0.11454695 4.07401703 0 P 0 N
L -0.114544 4.09370098 -0.17163002 4.09370098 0 P 0 
L -0.17163002 4.09370098 -0.17163002 4.33070896 0 P 0 
L -0.17163002 4.33070896 1.50159803 4.33070896 0 P 0 
L 1.50159803 4.33070896 1.50159803 4.20079203 0 P 0 
A 1.50159803 4.20079203 1.52127904 4.18110295 1.52128297 4.20078789 0 P 0 N
A 1.52127904 4.18110295 1.54096801 4.20079203 1.52128199 4.20078898 0 P 0 N
L 1.54096801 4.20079203 1.54096801 4.33070896 0 P 0 
L 1.54096801 4.33070896 3.05671604 4.33070896 0 P 0 
L 3.05671604 4.33070896 3.05671604 4.09370098 0 P 0 
L 3.05671604 4.09370098 2.99962904 4.09370098 0 P 0 
A 2.99962904 4.09370098 2.97994803 4.07401998 2.999631 4.07401801 0 P 0 N
